r [m]	n [m^-3]	dn [m^-3]	n_i [m^-3]
0.000000000000000000e+00 2.010910609694569267e+21 2.670021139771951022e+20 3.854819392469031977e+20
2.000000000000000096e-04 2.015690074534509806e+21 2.680298078004756808e+20 3.850405190565518377e+20
4.000000000000000192e-04 2.020705478812427878e+21 2.698027996580789944e+20 3.819908686435911598e+20
5.999999999999999474e-04 2.023542245427567919e+21 2.730296583520385434e+20 3.755009267642419118e+20
8.000000000000000383e-04 2.020286620662056092e+21 2.754667609249426637e+20 3.659704454475596431e+20
1.000000000000000021e-03 2.014174448015815999e+21 2.797539355373924844e+20 3.532566430636936397e+20
1.199999999999999895e-03 2.004100153545263677e+21 2.839771594014678712e+20 3.374255954690266235e+20
1.399999999999999986e-03 1.986809573402748912e+21 2.902249504732054159e+20 3.190161401305292472e+20
1.600000000000000077e-03 1.966320980820411286e+21 2.956311818141509222e+20 2.979516579496860058e+20
1.800000000000000168e-03 1.933805901537089421e+21 3.018369393214686495e+20 2.747920386642553405e+20
