r [m]	n [m^-3]	dn [m^-3]	n_i [m^-3]
0.000000000000000000e+00 4.097773973487335506e+20 5.440889854810755891e+19 7.855236579289366528e+19
2.000000000000000096e-04 4.107895352775420805e+20 5.462339750435740877e+19 7.846971014271200461e+19
4.000000000000000192e-04 4.049965549654020588e+20 5.407478008411214643e+19 7.655988834147973530e+19
5.999999999999999474e-04 3.956924775231700992e+20 5.338943735656738816e+19 7.342712629762480538e+19
8.000000000000000383e-04 3.880082808780840632e+20 5.290505973380900454e+19 7.028684046017214054e+19
1.000000000000000021e-03 3.826558391065422070e+20 5.314806622230461645e+19 6.711221925422643610e+19
1.199999999999999895e-03 3.795996481389486408e+20 5.378854424894921114e+19 6.391229354807033037e+19
1.399999999999999986e-03 3.783203734039873454e+20 5.526348025700774707e+19 6.074578403071510938e+19
1.600000000000000077e-03 3.801640182985118188e+20 5.715665911570224742e+19 5.760529468469402010e+19
1.800000000000000168e-03 3.838679491098514555e+20 5.991579960058601472e+19 5.454728224271042150e+19
