r [m]	n [m^-3]	dn [m^-3]	n_i [m^-3]
0.000000000000000000e+00 2.974712986139531674e+21 3.949726317746697011e+20 5.702382418551073014e+20
2.000000000000000096e-04 2.963147306725536170e+21 3.940148404459215913e+20 5.660253981684676690e+20
4.000000000000000192e-04 2.929446949676774851e+21 3.911371532169632809e+20 5.537778744530354831e+20
5.999999999999999474e-04 2.900564074025414296e+21 3.913632245379792896e+20 5.382464835595618222e+20
8.000000000000000383e-04 2.869870297875039650e+21 3.913077813539495608e+20 5.198706463471332884e+20
1.000000000000000021e-03 2.843361656743323501e+21 3.949219067959396270e+20 4.986839123426718515e+20
1.199999999999999895e-03 2.819964459365300699e+21 3.995835713933882819e+20 4.747907359916967854e+20
1.399999999999999986e-03 2.794484558876847899e+21 4.082067821472921682e+20 4.487021250357859451e+20
1.600000000000000077e-03 2.774407597215411339e+21 4.171248767618482831e+20 4.203989844392732262e+20
1.800000000000000168e-03 2.747399281122380087e+21 4.288261761166609613e+20 3.904029090428590490e+20
