r [m]	n [m^-3]	dn [m^-3]	n_i [m^-3]
0.000000000000000000e+00 5.310983900066187182e+20 7.051750196056215552e+19 1.018090194182003589e+20
2.000000000000000096e-04 5.325474517278657085e+20 7.081375898733641728e+19 1.017281127818694492e+20
4.000000000000000192e-04 5.396244013104661791e+20 7.205017047954130534e+19 1.020097168831385928e+20
5.999999999999999474e-04 5.485019232778603069e+20 7.400749505298667930e+19 1.017833855399872594e+20
8.000000000000000383e-04 5.583378905842235474e+20 7.612955936445251584e+19 1.011416718982169068e+20
1.000000000000000021e-03 5.703529901739690557e+20 7.921781244115686195e+19 1.000315453652374323e+20
1.199999999999999895e-03 5.849093406381496074e+20 8.288053507105118618e+19 9.847980012929318912e+19
1.399999999999999986e-03 6.014407059369758556e+20 8.785597846409440461e+19 9.657155627491062579e+19
1.600000000000000077e-03 6.220033303722501079e+20 9.351656288260933222e+19 9.425059557535411405e+19
1.800000000000000168e-03 6.450032994488396022e+20 1.006749548148239892e+20 9.165437516755782861e+19
